# Position (bp)	A	C	G	T	N
0.0	26.482260168796834	21.23317071784392	24.567166591620197	27.5420797553041	0.17532276643495512
1.0	26.611627851210823	23.784605082377936	23.74301956803429	25.721375988148875	0.13937151022807912
2.0	25.210075648670532	24.383118298025497	24.528008511621326	25.878691766961083	1.0577472156214878E-4
3.0	25.24291775464328	24.446991229888404	24.9088771382855	25.39553861630853	0.005675260874280049
4.0	25.205671124152023	24.687006495347035	24.78405625256016	25.319266321397283	0.003999806543496825
5.0	24.61722618949903	24.576366658458507	25.102430983063833	25.7007065856795	0.0032695832991326713
6.0	24.713376870532265	24.76601453898398	24.973510121294584	25.547098469189166	0.0
7.0	25.284780688507396	24.709602970472535	24.835550549836263	25.16994504572144	1.207454623603692E-4
8.0	24.63606096761038	24.766327565501985	25.11534561311093	25.363465824726738	0.11880002904996938
9.0	24.53971763621935	24.974208921558336	24.921852613195163	25.415412806990094	0.1488080220370519
10.0	24.903400708715672	24.698052417278237	24.97225989918343	25.426286974822652	0.0
11.0	24.84138918670044	24.980658081836875	24.244370685502826	25.933582045959863	0.0
12.0	24.8218631227202	25.30806953549473	24.6584604494554	25.21103933372446	5.67558605208785E-4
13.0	25.181367931460507	25.193971049639902	23.974521495877735	25.65013952302186	0.0
14.0	25.06552190295575	25.51469259238165	24.310193670747662	25.10959183391494	0.0
15.0	25.19273342544549	25.317621019799986	24.450874739433125	25.0387027094497	6.810587169200494E-5
16.0	24.93445448918081	26.036619554919664	23.85107458423906	25.177851371660466	0.0
17.0	24.9112992551831	26.07294992738523	23.561556589682763	25.454194227748907	0.0
18.0	25.03331585276534	25.999341202226216	23.8373695970867	25.129973347921748	0.0
19.0	25.208052653069302	25.740117506474007	24.289534920672036	24.752506710844017	0.009788208940636986
20.0	24.988953650721644	25.541976961169265	24.37403921480798	25.09502123853491	8.934766199803292E-6
21.0	24.972093746902615	25.608359295778406	24.427731203157997	24.991788949862382	2.6804298599409877E-5
22.0	24.355672313756585	25.538403054689347	24.256695952050563	25.848674723999114	5.539555043878041E-4
23.0	24.356756398722162	25.402710760412933	24.181637959461415	26.05779292690551	0.0011019544979757392
24.0	24.540166301016324	25.547221668928554	24.084546833423552	25.82798180548037	8.339115119816406E-5
25.0	24.67293394849	26.21362120594088	24.088397717655667	25.02495182374065	9.530417279790178E-5
26.0	25.197476202548053	25.51599763931564	24.245607907196607	25.039997970021123	9.202809185797391E-4
27.0	24.901312529067773	25.847057531316953	24.017997716512017	25.232807246357474	8.249767457818374E-4
28.0	24.54721583154797	26.257181169420324	23.539835833797145	25.655740360935965	2.6804298599409877E-5
29.0	24.583711373218765	25.674306805099157	23.476321559138142	26.265612610457534	4.765208639895089E-5
30.0	24.13990797731812	25.95275331475332	23.82435378107336	26.067278406375934	0.015706520479271714
31.0	24.60317240896004	26.186942741826964	23.754286127446775	25.455598721766222	0.0
32.0	25.248994987707047	25.74011216776543	23.48936003386894	25.52153281065858	0.0
33.0	24.86952540783921	26.365850507378074	23.401068579332275	25.363555505450442	0.0
34.0	24.60909488953666	26.221943185308188	23.60739343293648	25.5615196217302	4.887048847122269E-5
35.0	25.041406844251373	26.11896833028007	23.341762232507545	25.497862592961006	0.0
36.0	24.507676171405148	26.48888492186725	23.29432734565644	25.709111561071158	0.0
37.0	24.17930870089367	26.881480112251925	22.829098990940057	26.109748105328606	3.6409058573773156E-4
38.0	24.576308331569646	26.892123148286135	22.48434911216668	26.04721940797754	0.0
39.0	24.532005030144553	27.31011202739285	22.607852219803092	25.550018124306128	1.2598353376316185E-5
40.0	24.38929184792006	27.531945514203553	22.869026117221487	25.12448995941986	0.08524656123503978
41.0	24.863167439742785	27.210797898729368	22.819603314385848	25.038381730831773	0.06804961631022692
42.0	24.51718245641677	27.243160004608708	22.674971881993418	25.56445150064063	2.3415634047897226E-4
43.0	25.01950182453701	27.30177027779968	22.867838161443874	24.810889736219433	0.0
44.0	24.737019368854273	27.217624440829997	22.8454441823296	25.194629112331075	0.00528289565505521
45.0	23.93234614859449	27.341837897886244	23.080562688704216	25.639250718991015	0.006002545824032463
46.0	24.068777039539142	27.7016525196329	22.160406714421562	26.060023854998665	0.009139871407725821
47.0	24.381997987411324	27.19765282795803	22.54796501710502	25.8723180835107	6.608401492110973E-5
48.0	24.03541727338562	25.475039778745934	21.21791570059086	29.194277011957485	0.07735023532010099
49.0	27.43212619745327	26.596764234929367	17.082147582947872	28.77696611957462	0.11199586509486988
